% Model:              Design.mph
% Version:            COMSOL 6.3.0.335
% Date:               May 13 2025, 17:39
% Dimension:          1
% Nodes:              1673
% Expressions:        1
% Description:        Line graph
% y-coordinate (µm),Port tangential electric mode field; z-component
0,3.2331607701371984E-7
0.013257575757575782,3.5647625652533364E-7
0.026515151515151564,4.1004586221022513E-7
0.03977272727272734,4.840248940683941E-7
0.05303030303030313,5.78413352099841E-7
0.06628787878787891,6.932112363045653E-7
0.07954545454545468,8.284185466825675E-7
0.09280303030303046,9.840352832338474E-7
0.10606060606060626,1.1600614459584046E-6
0.11931818181818203,1.3564970348562399E-6
0.13257575757575782,1.5733420499273524E-6
0.1458333333333336,1.8105964911717427E-6
0.15909090909090937,1.9962962176222384E-6
0.17234848484848514,2.296290400805823E-6
0.18560606060606094,2.710579040722494E-6
0.19886363636363671,3.2391621373722532E-6
0.21212121212121252,3.882039690755098E-6
0.2253787878787883,4.639211700871033E-6
0.23863636363636406,5.510678167720055E-6
0.2518939393939399,6.4964390913021635E-6
0.2651515151515157,7.596494471617362E-6
0.27840909090909144,8.810844308665644E-6
0.29166666666666724,1.0139488602447016E-5
0.30492424242424304,1.117942227418833E-5
0.3181818181818188,1.285941426278502E-5
0.3314393939393946,1.5179464568237087E-5
0.34469696969697045,1.8139573190544538E-5
0.35795454545454625,2.173974012970736E-5
0.371212121212122,2.5979965385725563E-5
0.38446969696969785,3.0860248958599144E-5
0.39772727272727365,3.63805908483281E-5
0.4109848484848494,4.254099105491245E-5
0.42424242424242514,4.9341449578352154E-5
0.437500000000001,5.678196641864724E-5
0.45075757575757675,6.260568012965911E-5
0.4640151515151525,7.201377282703027E-5
0.47727272727272835,8.500624451076066E-5
0.4905303030303041,1.0158309518085036E-4
0.5037878787878798,1.2174432483729926E-4
0.5170454545454556,1.4548993348010748E-4
0.5303030303030314,1.7281992110927495E-4
0.5435606060606071,2.0373428772480168E-4
0.5568181818181829,2.3823303332668776E-4
0.5700757575757587,2.76316157914933E-4
0.5833333333333345,3.179836614895375E-4
0.5965909090909103,3.5059693513139794E-4
0.609848484848486,4.0328302459700075E-4
0.6231060606060618,4.760419298863462E-4
0.6363636363636376,5.688736509994342E-4
0.6496212121212134,6.817781879362643E-4
0.6628787878787892,8.147555406968373E-4
0.676136363636365,9.678057092811527E-4
0.6893939393939409,0.0011409286936892103
0.7026515151515167,0.001334124493921011
0.7159090909090924,0.0015473931099765537
0.7291666666666682,0.0017807345418558388
0.742424242424244,0.001963371544748771
0.7556818181818198,0.0022584179598798743
0.7689393939393956,0.0026658737872491483
0.7821969696969715,0.0031857390268565946
0.7954545454545471,0.00381801367870221
0.808712121212123,0.004562697742785998
0.8219696969696989,0.005419791219107956
0.8352272727272747,0.006389294107668086
0.8484848484848504,0.007471206408466388
0.8617424242424262,0.008665528121502859
0.875000000000002,0.0099722592467775
0.8882575757575777,0.01099504141785264
0.9015151515151534,0.012647325501919915
0.9147727272727293,0.014929111498979308
0.928030303030305,0.017840399409030837
0.9412878787878807,0.021381189232074483
0.9545454545454565,0.025551480968110267
0.9678030303030323,0.030351274617138175
0.981060606060608,0.03578057017915821
0.9943181818181835,0.04183936765417037
1.0075757575757593,0.04852766704217466
1.020833333333335,0.05584546834317108
1.034090909090911,0.061573132249946726
1.0473484848484866,0.0708260584151554
1.0606060606060628,0.08360424683879707
1.0738636363636385,0.09990769752087178
1.0871212121212142,0.11973641046137945
1.10037878787879,0.1430903856603202
1.1136363636363658,0.16996962311769392
1.126893939393942,0.20037412283350067
1.1401515151515176,0.23430388480774048
1.1534090909090933,0.2717589090404132
1.1666666666666692,0.312739195531519
1.1799242424242449,0.34481458240933555
1.1931818181818206,0.39663172659438933
1.2064393939393965,0.46819062808668027
1.2196969696969722,0.5594912868862084
1.232954545454548,0.6705337029929737
1.2462121212121238,0.801317876406976
1.2594696969696995,0.9518438071282157
1.2727272727272754,1.1221114951566928
1.285984848484851,1.3121209404924068
1.299242424242427,1.521872143135358
1.3125000000000027,1.7513651030855464
1.3257575757575784,1.9309898960389995
1.3390151515151543,2.221170146432689
1.35227272727273,2.6219058542666147
1.3655303030303059,3.1331970195407797
1.3787878787878816,3.755043642255179
1.3920454545454573,4.4874457224098165
1.4053030303030332,5.330403260004689
1.4185606060606089,6.2839162550398004
1.4318181818181848,7.347984707515149
1.4450757575757605,8.522608617430732
1.4583333333333361,9.807787984786552
1.471590909090912,10.81370153359188
1.4848484848484877,12.438734696705279
1.4981060606060637,14.682887474126755
1.5113636363636396,17.546159865856314
1.524621212121215,21.028551871893935
1.5378787878787912,25.13006349223964
1.5511363636363666,29.85069472689342
1.5643939393939428,35.19044557585527
1.5776515151515185,41.1493160391252
1.5909090909090942,47.72730611670321
1.60416666666667,54.92441580858929
1.6174242424242453,60.55761404939336
1.630681818181821,69.65793282586301
1.6439393939393965,82.2253721379982
1.6571969696969717,98.25993198579903
1.6704545454545472,117.76161236926536
1.6837121212121229,140.73041328839733
1.6969696969696983,167.16633474319485
1.7102272727272736,197.06937673365795
1.723484848484849,230.4395392597866
1.7367424242424245,267.2768223215808
1.75,307.58122591904066
1.7613636363636362,349.68949880063803
1.7727272727272727,390.2841027057375
1.784090909090909,429.36503763433893
1.7954545454545456,466.9323035864428
1.8068181818181817,502.9859005620485
1.8181818181818183,537.5258285611563
1.8295454545454544,570.5520875837665
1.840909090909091,602.0646776298785
1.852272727272727,632.0635986994928
1.8636363636363635,660.5488507926091
1.8749999999999998,687.5204339092274
1.8863636363636362,712.0677732301301
1.8977272727272725,734.3059636344963
1.9090909090909092,754.2350051223257
1.9204545454545452,771.8548976936187
1.9318181818181819,787.1656413483747
1.943181818181818,800.1672360865947
1.9545454545454546,810.8596819082777
1.9659090909090906,819.2429788134242
1.9772727272727273,825.3171268020342
1.9886363636363638,829.0821258741075
2,830.5379760296443
2.0113636363636362,829.0652928119285
2.0227272727272725,825.2837205892322
2.034090909090909,819.1932593615551
2.0454545454545454,810.7939091288978
2.0568181818181817,800.0856698912593
2.068181818181818,787.0685416486406
2.0795454545454546,771.742524401041
2.090909090909091,754.1076181484607
2.102272727272727,734.1638228909001
2.1136363636363638,711.9111386283587
2.125,687.3495653608364
2.1363636363636367,660.364350791718
2.1477272727272725,631.8661574144445
2.1590909090909087,601.8549852290155
2.1704545454545454,570.3308342354313
2.181818181818182,537.2937044336918
2.193181818181818,502.7435958237973
2.2045454545454546,466.6805084057473
2.215909090909091,429.10444217954193
2.2272727272727275,390.0153971451814
2.2386363636363633,349.41337330266583
2.25,307.29837065199473
2.26403743315508,265.26507648483357
2.27807486631016,226.9560855359678
2.2921122994652405,192.3713978053974
2.3061497326203204,161.5110132931225
2.3201871657754003,134.37493199914286
2.334224598930481,110.9631539234587
2.348262032085561,91.2756790660699
2.3622994652406413,75.31250742697642
2.376336898395721,63.07363900617841
2.3903743315508015,54.559073803675844
2.4044117647058814,49.768811819468596
2.4184491978609617,42.961268053065474
2.4324866310160416,36.756897501140266
2.446524064171122,31.155700163692952
2.460561497326202,26.15767604072356
2.4745989304812825,21.762825132232056
2.4886363636363624,17.971147438218466
2.5026737967914428,14.782642958682777
2.5167112299465226,12.197311693624984
2.530748663101603,10.215153643045104
2.5447860962566833,8.836168806943137
2.5588235294117636,8.060357185319063
2.572860962566844,6.957834695713697
2.586898395721924,5.952999721151783
2.600935828877004,5.045852261633317
2.6149732620320845,4.236392317158303
2.629010695187165,3.524619887726739
2.643048128342245,2.9105349733386268
2.657085561497325,2.3941375739939637
2.6711229946524058,1.9754276896927496
2.6851604278074857,1.6544053204349876
2.699197860962566,1.4310704662206777
2.7132352941176463,1.3054231270498167
2.727272727272726,1.1268630058377174
2.7413101604278065,0.9641239628272168
2.7553475935828873,0.8172059980183138
2.769385026737967,0.6861091114110094
2.7834224598930475,0.570833303005303
2.7974598930481274,0.47137857280119505
2.8114973262032077,0.387744920798685
2.825534759358288,0.31993234699777306
2.8395721925133683,0.2679408513984594
2.8536096256684487,0.23177043400074424
2.8676470588235285,0.21142109480462692
2.881684491978609,0.18250221361364916
2.8957219251336888,0.1561456508043983
2.9097593582887695,0.13235140637687426
2.9237967914438494,0.11111948033107716
2.9378342245989297,0.09244987266700688
2.9518716577540096,0.07634258338466351
2.9659090909090904,0.062797612484047
2.9799465240641703,0.05181495996515733
2.9939839572192506,0.04339462582799457
3.0080213903743305,0.03753661007255871
3.022058823529411,0.034240912698849685
3.036096256684491,0.02955732666821751
3.050133689839571,0.025288723447585024
3.064171122994652,0.021435103036952206
3.078208556149732,0.01799646543631908
3.0922459893048124,0.01497281064568563
3.1062834224598928,0.012364138665051866
3.1203208556149735,0.01017044949441778
3.1343582887700534,0.008391743133783372
3.1483957219251337,0.007028019583148651
3.162433155080214,0.006079278842513617
3.1764705882352944,0.005545520911878257
3.1905080213903747,0.004786986099919186
3.204545454545455,0.004095660239752267
3.2185828877005345,0.0034715433313774967
3.2326203208556152,0.0029146353747948783
3.246657754010695,0.0024249363700044094
3.260695187165776,0.0020024463170060917
3.2747326203208558,0.0016471652157999239
3.288770053475936,0.0013590930663859057
3.302807486631016,0.0011382298687640387
3.3168449197860967,9.84575622934323E-4
3.3308823529411766,8.981303288967569E-4
3.344919786096257,7.752810725403263E-4
3.3589572192513364,6.633167085021489E-4
3.372994652406417,5.622372367822241E-4
3.3870320855614975,4.7204265738055206E-4
3.4010695187165774,3.927329702971328E-4
3.4151069518716577,3.2430817553196633E-4
3.429144385026738,2.667682730850526E-4
3.4431818181818183,2.2011326295639147E-4
3.4572192513368982,1.8434314514598327E-4
3.4712566844919786,1.5945791965382797E-4
3.485294117647059,1.4545758647992527E-4
3.4993315508021388,1.2556141355855982E-4
3.5133689839572186,1.0742811414760904E-4
3.5274064171122994,9.10576882470729E-5
3.5414438502673797,7.645013585695142E-5
3.5554812834224596,6.360545697724458E-5
3.56951871657754,5.2523651607952395E-5
3.58355614973262,4.3204719749074836E-5
3.5975935828877,3.564866140061191E-5
3.6116310160427805,2.9855476562563654E-5
3.625668449197861,2.5825165234930062E-5
3.6397058823529407,2.3557727417711086E-5
3.653743315508021,2.0335423034696317E-5
3.667780748663101,1.739862657651353E-5
3.6818181818181817,1.4747338043162721E-5
3.695855614973262,1.2381557434643902E-5
3.709893048128342,1.0301284750957062E-5
3.723930481283422,8.50651999210221E-6
3.7379679144385025,6.997263158079337E-6
3.752005347593583,5.773514248888444E-6
3.7660427807486627,4.8352732645295376E-6
3.780080213903743,4.182540205002619E-6
3.7941176470588234,3.815315070307678E-6
3.8081550802139037,3.293443574922616E-6
3.8221925133689836,2.817811797934993E-6
3.8362299465240643,2.388419739344809E-6
3.8502673796791447,2.005267399152065E-6
3.8643048128342246,1.6683547773567598E-6
3.8783422459893053,1.3776818739588948E-6
3.892379679144385,1.1332486889584682E-6
3.906417112299466,9.350552223554808E-7
3.9204545454545454,7.831014741499332E-7
3.934491978609626,6.773874443418257E-7
3.948529411764706,6.179131329311567E-7
3.962566844919786,5.333929138028248E-7
3.976604278074866,4.5636149490551487E-7
3.990641711229946,3.8681887623922663E-7
4.004679144385027,3.247650578039603E-7
4.018716577540107,2.702000395997156E-7
4.032754010695188,2.2312382162649274E-7
4.0467914438502675,1.8353640388429164E-7
4.060828877005347,1.514377863731122E-7
4.074866310160428,1.2682796909295464E-7
4.088903743315508,1.0970695204381894E-7
4.102941176470588,1.0007473522570488E-7
4.116978609625669,8.638618058477026E-8
4.1310160427807485,7.391048169917972E-8
4.145053475935829,6.264763856893324E-8
4.159090909090909,5.259765119403085E-8
4.17312834224599,4.3760519574472514E-8
4.187165775401071,3.6136243710258264E-8
4.201203208556151,2.972482360138807E-8
4.215240641711231,2.4526259247861935E-8
4.229278074866311,2.0540550649679886E-8
4.243315508021392,1.7767697806841922E-8
4.257352941176472,1.620770071934801E-8
4.271390374331553,1.3990761588548983E-8
4.2854278074866325,1.1970250923166572E-8
4.299465240641713,1.014616872320077E-8
4.313502673796793,8.518514988651586E-9
4.327540106951874,7.0872897195190104E-9
4.341577540106954,5.852492915803051E-9
4.355614973262034,4.814124577503702E-9
4.369652406417114,3.9721847046209635E-9
4.383689839572194,3.3266732971548406E-9
4.397727272727274,2.8775903551053326E-9
4.411764705882355,2.624935878472435E-9
4.425802139037435,2.2658876911197298E-9
4.439839572192516,1.938652557119447E-9
4.453877005347596,1.6432304764715854E-9
4.467914438502676,1.3796214491761464E-9
4.481951871657756,1.1478254752331282E-9
4.495989304812836,9.478425546425327E-10
4.510026737967916,7.796726874043583E-10
4.524064171122997,6.433158735186053E-10
4.538101604278077,5.387721129852744E-10
4.552139037433157,4.660414058043658E-10
4.566176470588237,4.2512375197587835E-10
4.580213903743318,3.66974463306766E-10
4.594251336898398,3.139773184879559E-10
4.608288770053479,2.6613231751944787E-10
4.622326203208559,2.2343946040124193E-10
4.6363636363636385,1.858987471333381E-10
4.6504010695187175,1.5351017771573644E-10
4.664438502673799,1.262737521484368E-10
4.678475935828879,1.0418947043143924E-10
4.692513368983959,8.725733256474383E-11
4.706550802139039,7.54773385483506E-11
4.7205882352941195,6.88494883822594E-11
4.734625668449199,5.943225922378741E-11
4.74866310160428,5.084939034475093E-11
4.762700534759361,4.3100881745149974E-11
4.776737967914441,3.6186733424984526E-11
4.790775401069521,3.0106945384254586E-11
4.804812834224601,2.486151762296017E-11
4.818850267379681,2.045045014110126E-11
4.832887700534762,1.6873742938677852E-11
4.846925133689842,1.4131396015689964E-11
4.860962566844923,1.22234093721376E-11
4.875000000000003,1.1149783008020735E-11
4.889037433155083,9.624315262546895E-12
4.903074866310162,8.233940963856969E-12
4.917112299465242,6.978660111950954E-12
4.931149732620322,5.8584727068288535E-12
4.945187165775402,4.873378748490665E-12
4.959224598930483,4.02337823693639E-12
4.973262032085564,3.308471172166028E-12
4.9872994652406435,2.7286575541795764E-12
5.001336898395723,2.283937382977039E-12
5.015374331550803,1.9743106585584172E-12
5.029411764705884,1.7997773809237055E-12
5.043449197860964,1.5513679526436504E-12
5.057486631016045,1.325018452361326E-12
5.071524064171125,1.120728880076732E-12
5.085561497326204,9.384992357898684E-13
5.099598930481285,7.783295195007346E-13
5.113636363636365,6.402197312093317E-13
5.127673796791446,5.241698709156588E-13
5.141711229946526,4.3017993861971604E-13
5.1557486631016065,3.582499343215039E-13
5.169786096256687,3.083798580210223E-13
5.183823529411767,2.805697097182707E-13
5.197860962566847,2.488286456920756E-13
5.211898395721927,2.190899009995289E-13
5.225935828877007,1.9135347564063028E-13
5.239973262032088,1.656193696153799E-13
5.2540106951871675,1.4188758292377769E-13
5.268048128342248,1.2015811556582373E-13
5.282085561497328,1.0043096754151794E-13
5.296122994652409,8.270613885086032E-14
5.310160427807489,6.698362949385093E-14
5.324197860962569,5.3263439470489806E-14
5.3382352941176485,4.1545568780776804E-14
5.352272727272728,3.8655614430223656E-14
5.366310160427809,3.575684610261731E-14
5.38034759358289,3.2849263797957747E-14
5.39438502673797,2.993286751624498E-14
5.40842245989305,2.7007657257479E-14
5.4224598930481305,2.4073633021659824E-14
5.436497326203211,2.1130794808787437E-14
5.450534759358291,1.817914261886183E-14
5.464572192513371,1.5218676451883024E-14
5.478609625668452,1.2249396307851023E-14
5.492647058823532,9.2713021867658E-15
5.5066844919786115,9.998983926275605E-15
5.520721925133692,1.039759978447688E-14
5.534759358288772,1.0467149761369615E-14
5.548796791443853,1.0207633856953821E-14
5.562834224598933,9.619052071229488E-15
5.576871657754014,8.701404404196628E-15
5.5909090909090935,7.454690855855229E-15
5.604946524064174,5.8789114262052916E-15
5.618983957219253,3.974066115246824E-15
5.633021390374333,1.7401549229798256E-15
5.647058823529414,-8.228221505957114E-16
5.661096256684494,-1.5778861552704335E-15
5.675133689839575,-1.8281644553861037E-15
5.689171122994655,-1.573657050942722E-15
5.703208556149735,-8.143639419402872E-16
5.717245989304816,4.497148716211986E-16
5.731283422459896,2.2185793897417368E-15
5.745320855614977,4.492229612421328E-15
5.759358288770056,7.270665539659973E-15
5.773395721925136,1.055388717145767E-14
5.787433155080217,1.4341894507814414E-14
5.801470588235297,1.8634687548730214E-14
5.815508021390378,1.4240919276997134E-14
5.829545454545458,1.0424118138508652E-14
5.843582887700538,7.184284133264757E-15
5.857620320855618,4.521417261265459E-15
5.871657754010697,2.4355175225107496E-15
5.885695187165779,9.265849170006357E-16
5.899732620320858,-5.380555264887742E-18
5.913770053475939,-3.6037889428582125E-16
5.927807486631019,-1.3841010006215977E-16
5.9418449197860985,6.605258274060958E-16
5.955882352941179,2.036428888118942E-15
5.969919786096259,2.1620379845824945E-15
5.98395721925134,2.1232747018163517E-15
5.997994652406421,1.9201390398205135E-15
6.012032085561501,1.5526309985949807E-15
6.0260695187165805,1.0207505781397524E-15
6.04010695187166,3.244977784548291E-16
6.054144385026741,-5.3612740045979E-16
6.068181818181821,-1.561124958604105E-15
6.082219251336901,-2.750494895978115E-15
6.0962566844919825,-4.104237212581818E-15
6.110294117647062,-5.622351908415219E-15
6.124331550802142,-4.69960980426143E-15
6.138368983957223,-3.763814441928001E-15
6.152406417112303,-2.8149658214149337E-15
6.166443850267384,-1.8530639427222287E-15
6.180481283422463,-8.78108805849883E-16
6.1945187165775435,1.0989958920210033E-16
6.208556149732623,1.1109612424337236E-15
6.222593582887704,2.125076153844987E-15
6.236631016042784,3.1522443234358893E-15
6.250668449197864,4.192465751206427E-15
6.264705882352945,5.2457404371566075E-15
6.278743315508025,4.013852497688496E-15
6.292780748663105,2.9426335450210583E-15
6.306818181818186,2.0320835791542912E-15
6.320855614973265,1.2822026000881956E-15
6.334893048128346,6.929906078227718E-16
6.348930481283426,2.644476023580204E-16
6.3629679144385065,-3.426416306059932E-18
6.377005347593586,-1.1063144816946921E-16
6.391042780748667,-5.71674932322059E-17
6.405080213903748,1.569654485057296E-16
6.419117647058828,5.317673770443363E-16
6.433155080213908,2.1112440534135832E-16
6.447192513368988,-1.904790573107821E-17
6.4612299465240675,-1.5874955617297337E-16
6.475267379679147,-2.079805459843271E-16
6.489304812834227,-1.667408751651396E-16
6.503342245989309,-3.5030543715410606E-17
6.517379679144388,1.8715044836485985E-16
6.531417112299469,4.998021010756717E-16
6.5454545454545485,9.029244144170252E-16
6.559491978609628,1.3965173883889192E-15
6.573529411764709,1.980581022991355E-15
6.587566844919789,2.943143514095297E-15
6.601604278074869,3.848712986988293E-15
6.61564171122995,4.697289441670341E-15
6.62967914438503,5.488872878141445E-15
6.64371657754011,6.2234632964016E-15
6.65775401069519,6.9010606964508115E-15
6.671791443850272,7.521665078289075E-15
6.685828877005352,8.085276441916393E-15
6.699866310160432,8.591894787332764E-15
6.713903743315513,9.041520114538188E-15
6.727941176470592,9.434152423532667E-15
6.741978609625672,6.468462249667271E-15
6.756016042780753,4.006619599154156E-15
6.770053475935833,2.0486244719933183E-15
6.784090909090914,5.944768681847612E-16
6.7981283422459935,-3.558232122715178E-16
6.812165775401074,-8.022757693755167E-16
6.826203208556154,-7.448808031272373E-16
6.840240641711235,-1.8363831352667934E-16
6.854278074866315,8.81451699426159E-16
6.868315508021395,2.4503892357312757E-15
6.882352941176475,4.523174295388672E-15
6.896390374331554,3.944256221967778E-15
6.910427807486635,3.511924228642831E-15
6.924465240641715,3.2261783154138307E-15
6.938502673796795,3.0870184822807784E-15
6.952540106951876,3.0944447292436707E-15
6.9665775401069565,3.2484570563025108E-15
6.980614973262036,3.549055463457298E-15
6.994652406417116,3.996239950708031E-15
7.008689839572197,4.5900105180547105E-15
7.022727272727277,5.330367165497337E-15
7.036764705882357,6.21730989303591E-15
7.050802139037437,2.549451330317324E-15
7.0648395721925175,-5.039430232412228E-16
7.078877005347597,-2.9428731676397324E-15
7.092914438502678,-4.767339102878204E-15
7.106951871657758,-5.977340828956637E-15
7.120989304812839,-6.572878345875032E-15
7.135026737967918,-6.5539516536333904E-15
7.1490641711229985,-5.920560752231711E-15
7.163101604278078,-4.672705641669993E-15
7.177139037433158,-2.8103863219482377E-15
7.191176470588239,-3.336027930664424E-16
7.205213903743319,1.957892908829783E-15
7.2192513368984,3.8808049226823994E-15
7.23328877005348,5.435133248491405E-15
7.2473262032085595,6.620877886256805E-15
7.261363636363639,7.438038835978593E-15
7.27540106951872,7.886616097656776E-15
7.289438502673801,7.966609671291348E-15
7.30347593582888,7.67801955688231E-15
7.31751336898396,7.020845754429662E-15
7.3315508021390405,5.995088263933408E-15
7.34558823529412,4.600747085393543E-15
7.3596256684492,9.371962696174705E-15
7.373663101604281,1.2857427562514235E-14
7.387700534759362,1.505714168441213E-14
7.401737967914443,1.5971105061868392E-14
7.4157754010695225,1.5599317694883023E-14
7.429812834224603,1.3941779583456025E-14
7.443850267379682,1.0998490727587386E-14
7.457887700534763,6.769451127277114E-15
7.471925133689844,1.2546607825252108E-15
7.485962566844924,-5.5458803066683186E-15
7.500000000000004,-1.3632172140303489E-14
7.514037433155084,-5.100082107879756E-15
7.528074866310165,1.7983603950885534E-15
7.542112299465246,7.06315536860144E-15
7.556149732620326,1.0694302812658907E-14
7.570187165775406,1.2691802727260953E-14
7.5842245989304855,1.3055655112407578E-14
7.598262032085566,1.178585996809878E-14
7.612299465240646,8.882417294334561E-15
7.626336898395727,4.3453270911149205E-15
7.640374331550808,-1.825410641560138E-15
7.654411764705888,-9.629795903690622E-15
7.6684491978609675,-7.72419116558391E-15
7.682486631016047,-5.838003911151536E-15
7.696524064171127,-3.971234140393497E-15
7.710561497326207,-2.1238818533097955E-15
7.724598930481286,-2.9594704990042963E-16
7.738636363636366,1.5125702698345991E-15
7.752673796791448,3.301670105895293E-15
7.7667112299465275,5.071352458281652E-15
7.780748663101607,6.821617326993674E-15
7.794786096256687,8.552464712031355E-15
7.808823529411767,1.0263894613394703E-14
7.822860962566847,7.715097129969236E-15
7.836898395721927,5.600350168006299E-15
7.850935828877009,3.919653727505884E-15
7.864973262032089,2.6730078084679974E-15
7.8790106951871675,1.8604124108926345E-15
7.893048128342251,1.4818675347797988E-15
7.907085561497331,1.5373731801294874E-15
7.921122994652411,2.0269293469417015E-15
7.9351604278074905,2.950536035216442E-15
7.949197860962572,4.3081932449537086E-15
7.963235294117652,6.0999009761535E-15
7.977272727272732,-4.415429999627926E-15
7.991310160427812,-1.3024462548856006E-14
8.005347593582893,-1.9727196671530728E-14
8.019385026737973,-2.45236323676521E-14
8.033422459893053,-2.7413769637220117E-14
8.047459893048135,-2.8397608480234796E-14
8.061497326203213,-2.747514889669612E-14
8.075534759358293,-2.4646390886604086E-14
8.089572192513375,-1.9911334449958703E-14
8.103609625668454,-1.3269979586759977E-14
8.117647058823534,-4.7223262970078934E-15
8.131684491978614,-6.2273906763728194E-15
8.145721925133694,-7.282932836873136E-15
8.159759358288776,-7.888952778508838E-15
8.173796791443856,-8.045450501279931E-15
8.187834224598936,-7.752426005186412E-15
8.201871657754017,-7.009879290228281E-15
8.215909090909097,-5.81781035640554E-15
8.229946524064177,-4.176219203718184E-15
8.243983957219259,-2.0851058321662188E-15
8.258021390374338,4.555297582503549E-16
8.272058823529418,3.4456875675315436E-15
8.286096256684498,2.747485806333259E-16
8.30013368983958,-2.459945042691189E-15
8.31417112299466,-4.758393302442001E-15
8.328208556149738,-6.620596198619114E-15
8.342245989304818,-8.046553731222523E-15
8.356283422459898,-9.03626590025223E-15
8.37032085561498,-9.589732705708236E-15
8.38435828877006,-9.70695414759054E-15
8.39839572192514,-9.387930225899142E-15
8.41243315508022,-8.632660940634043E-15
8.4264705882353,-7.441146291795239E-15
8.44050802139038,-5.508121822286765E-15
8.45454545454546,-3.871963987435831E-15
8.468582887700542,-2.5326727872424366E-15
8.482620320855622,-1.4902482217065813E-15
8.4966577540107,-7.446902908282646E-16
8.510695187165783,-2.959989946074876E-16
8.524732620320863,-1.4417433304424913E-16
8.538770053475943,-2.8921630613854896E-16
8.552807486631023,-7.311249138903887E-16
8.566844919786103,-1.469900156299768E-15
8.580882352941183,-2.5055420333666857E-15
8.594919786096263,-1.9359156491632467E-15
8.608957219251343,-1.6081937267407304E-15
8.622994652406422,-1.522376266099137E-15
8.637032085561504,-1.678463267238467E-15
8.651069518716584,-2.0764547301587196E-15
8.665106951871664,-2.716350654859896E-15
8.679144385026746,-3.5981510413419945E-15
8.693181818181825,-4.721855889605017E-15
8.707219251336905,-6.087465199648962E-15
8.721256684491987,-7.69497897147383E-15
8.735294117647067,-9.54439720507962E-15
8.749331550802147,-8.569333801868865E-15
8.763368983957227,-7.681631565488869E-15
8.777406417112308,-6.881290495939619E-15
8.791443850267388,-6.168310593221127E-15
8.805481283422466,-5.542691857333384E-15
8.819518716577548,-5.0044342882763965E-15
8.833556149732628,-4.553537886050161E-15
8.847593582887708,-4.190002650654675E-15
8.86163101604279,-3.913828582089945E-15
8.875668449197867,-3.7250156803559695E-15
8.889705882352947,-3.623563945452745E-15
8.903743315508027,-4.263666291097381E-15
8.917780748663107,-4.569289489200394E-15
8.931818181818187,-4.540433539761782E-15
8.945855614973269,-4.177098442781547E-15
8.959893048128349,-3.4792841982596877E-15
8.97393048128343,-2.446990806196206E-15
8.98796791443851,-1.0802182665910987E-15
9.00200534759359,6.21033420555633E-16
9.016042780748672,2.6567642552439874E-15
9.030080213903751,5.026974237473963E-15
9.044117647058831,7.731663367245565E-15
9.058155080213911,7.554949991227461E-15
9.072192513368991,7.457602419855103E-15
9.086229946524073,7.43962065312849E-15
9.100267379679153,7.501004691047623E-15
9.114304812834233,7.641754533612502E-15
9.128342245989312,7.861870180823126E-15
9.142379679144392,8.161351632679495E-15
9.156417112299472,8.540198889181608E-15
9.170454545454552,8.998411950329469E-15
9.184491978609632,9.535990816123077E-15
9.198529411764712,1.0152935486562426E-14
9.212566844919792,9.448658569155741E-15
9.226604278074873,8.710898938554621E-15
9.240641711229953,7.939656594759066E-15
9.254679144385035,7.13493153776908E-15
9.268716577540113,6.2967237675846574E-15
9.282754010695196,5.425033284205802E-15
9.296791443850276,4.519860087632513E-15
9.310828877005356,3.581204177864789E-15
9.324866310160436,2.609065554902632E-15
9.338903743315518,1.603444218746044E-15
9.352941176470598,5.64340169395019E-16
9.36697860962568,5.54088985399394E-16
9.381016042780757,5.959391180695193E-16
9.395053475935839,6.898905674053945E-16
9.409090909090919,8.359433334070206E-16
9.423128342245999,1.0340974160743963E-15
9.437165775401077,1.2843528154075225E-15
9.451203208556159,1.586709531406399E-15
9.465240641711238,1.9411675640710256E-15
9.479278074866318,2.3477269134014027E-15
9.493315508021398,2.806387579397529E-15
9.50735294117648,3.3171495620594065E-15
9.52139037433156,5.4959013446084045E-15
9.53542780748664,7.315256126506174E-15
9.54946524064172,8.775213907752707E-15
9.5635026737968,9.875774688348015E-15
9.57754010695188,1.0616938468292088E-14
9.59157754010696,1.0998705247584932E-14
9.60561497326204,1.1021075026226547E-14
9.619652406417119,1.0684047804216929E-14
9.6336898395722,9.98762358155608E-15
9.64772727272728,8.931802358244004E-15
9.66176470588236,7.516584134280694E-15
9.67580213903744,4.599975333282658E-15
9.68983957219252,2.1311819305052833E-15
9.703877005347602,1.1020392594856886E-16
9.717914438502682,-1.462958680387486E-15
9.73195187165776,-2.5883058885028804E-15
9.745989304812843,-3.2658376983976143E-15
9.760026737967923,-3.4955541100716895E-15
9.774064171123003,-3.2774551235251034E-15
9.788101604278083,-2.6115407387578573E-15
9.802139037433165,-1.4978109557699511E-15
9.816176470588244,6.373422543861599E-17
9.830213903743324,-1.6010552403206293E-15
9.844251336898404,-2.9708876015930297E-15
9.858288770053486,-4.0457628583785855E-15
9.872326203208566,-4.825681010677298E-15
9.886363636363646,-5.3106420584891644E-15
9.900401069518725,-5.5006460018141875E-15
9.914438502673805,-5.395692840652365E-15
9.928475935828885,-4.995782575003698E-15
9.942513368983967,-4.3009152048681874E-15
9.956550802139047,-3.311090730245833E-15
9.970588235294127,-2.026309151136632E-15
9.984625668449208,-1.242630833080646E-15
9.998663101604286,-6.62227792247223E-16
10.012700534759366,-2.8510002863636225E-16
10.026737967914446,-1.1124754224806458E-16
10.040775401069526,-1.4067033308232888E-16
10.054812834224606,-3.7336840113915615E-16
10.068850267379688,-8.093417464185461E-16
10.08288770053477,-1.4485903689204987E-15
10.096925133689847,-2.291114268645014E-15
10.110962566844927,-3.3369134455920908E-15
10.125000000000009,-4.5859878997617314E-15
10.139037433155089,-6.7420640973917606E-15
10.153074866310169,-8.379960314154256E-15
10.16711229946525,-9.499676550049216E-15
10.181149732620328,-1.0101212805076642E-14
10.195187165775408,-1.0184569079236532E-14
10.20922459893049,-9.74974537252889E-15
10.223262032085572,-8.796741684953713E-15
10.23729946524065,-7.325558016510998E-15
10.251336898395731,-5.336194367200751E-15
10.265374331550811,-2.8286507370229713E-15
10.279411764705891,1.970728740223466E-16
10.29344919786097,3.1735898176356533E-15
10.30748663101605,5.208662140863066E-15
10.32152406417113,6.302289843704585E-15
10.335561497326212,6.454472926160212E-15
10.349598930481292,5.665211388229943E-15
10.363636363636372,3.934505229913784E-15
10.377673796791452,1.2623544512117287E-15
10.391711229946534,-2.3512409478762225E-15
10.405748663101614,-6.906280967350066E-15
10.419786096256695,-1.2402765607209798E-14
10.433823529411775,-1.884069486745543E-14
10.447860962566855,-1.1659078236571705E-14
10.461898395721935,-5.504405234153864E-15
10.475935828877017,-3.7667586020189534E-16
10.489973262032096,3.724109885284199E-15
10.504010695187178,6.7979520023044145E-15
10.518048128342258,8.844850490858753E-15
10.532085561497338,9.864805350947221E-15
10.546122994652416,9.857816582569814E-15
10.560160427807498,8.823884185726531E-15
10.574197860962578,6.763008160417367E-15
10.588235294117657,3.6751885066423295E-15
10.602272727272739,6.64384507604526E-15
10.616310160427817,8.872465704689147E-15
10.630347593582897,1.0361050392573988E-14
10.644385026737979,1.110959913969979E-14
10.658422459893059,1.1118111946066544E-14
10.672459893048138,1.0386588811674256E-14
10.686497326203218,8.91502973652292E-15
10.7005347593583,6.703434720612541E-15
10.714572192513378,3.751803763943119E-15
10.728609625668458,6.013686651465821E-17
10.74264705882354,-4.371565971672853E-15
10.75668449197862,-4.249378398045077E-15
10.770721925133701,-4.1121454024229685E-15
10.784759358288781,-3.9598669848065255E-15
10.798796791443861,-3.792543145195753E-15
10.81283422459894,-3.610173883590644E-15
10.82687165775402,-3.4127591999912046E-15
10.840909090909102,-3.200299094397432E-15
10.854946524064182,-2.9727935668093247E-15
10.868983957219262,-2.7302426172268868E-15
10.883021390374344,-2.472646245650116E-15
10.897058823529424,-2.200004452079011E-15
10.911096256684504,-5.039834428508678E-16
10.925133689839585,9.028894929212999E-16
10.939171122994665,2.020614355237492E-15
10.953208556149745,2.8491911440977086E-15
10.967245989304825,3.3886198595019494E-15
10.981283422459908,3.638900501450216E-15
10.995320855614988,3.600033069942505E-15
11.009358288770068,3.272017564978821E-15
11.023395721925148,2.6548539865591597E-15
11.03743315508023,1.7485423346835244E-15
11.05147058823531,5.530826093519125E-16
11.06550802139039,-2.625962466735564E-16
11.079545454545467,-9.74598280455013E-16
11.09358288770055,-1.582923491992457E-15
11.107620320855627,-2.0875718812858892E-15
11.121657754010709,-2.4885434483353084E-15
11.135695187165789,-2.7858381931407154E-15
11.149732620320869,-2.9794561157021107E-15
11.163770053475949,-3.0693972160194933E-15
11.177807486631028,-3.0556614940928634E-15
11.191844919786108,-2.9382489499222216E-15
11.205882352941188,-2.7171595835075665E-15
11.21991978609627,-2.1092921660896837E-16
11.233957219251348,1.936718918330683E-15
11.24799465240643,3.725784821311389E-15
11.262032085561511,5.156268492333149E-15
11.276069518716591,6.228169931395962E-15
11.290106951871671,6.941489138499831E-15
11.304144385026751,7.296226113644751E-15
11.318181818181833,7.292380856830728E-15
11.332219251336912,6.9299533680577565E-15
11.346256684491994,6.208943647325842E-15
11.360294117647072,5.129351694634978E-15
11.374331550802152,7.333344410891586E-15
11.388368983957232,9.02408710164001E-15
11.402406417112312,1.0201579766880255E-14
11.416443850267394,1.086582240661232E-14
11.430481283422473,1.1016815020836203E-14
11.444518716577555,1.0654557609551907E-14
11.458556149732635,9.779050172759429E-15
11.472593582887715,8.390292710458767E-15
11.486631016042796,6.488285222649928E-15
11.500668449197876,4.0730277093329095E-15
11.514705882352956,1.1445201705077074E-15
11.528743315508036,8.90875717917419E-16
11.542780748663118,6.384624154306411E-16
11.556818181818198,3.872802630473734E-16
11.570855614973278,1.373292607676161E-16
11.584893048128357,-1.1139059140863082E-16
11.598930481283439,-3.588792934813673E-16
11.612967914438517,-6.051368454505936E-16
11.627005347593599,-8.501632473163098E-16
11.641042780748679,-1.0939584990785154E-15
11.655080213903759,-1.3365226007372104E-15
11.669117647058838,-1.577855552292395E-15
11.683155080213918,1.0047749092049099E-16
11.697192513368998,1.607931773676328E-15
11.71122994652408,2.9445072959751148E-15
11.725267379679158,4.110204057816854E-15
11.739304812834238,5.1050220592015425E-15
11.75334224598932,5.928961300129182E-15
11.767379679144401,6.5820217805997734E-15
11.781417112299481,7.064203500613313E-15
11.795454545454561,7.375506460169807E-15
11.809491978609639,7.51593065926925E-15
11.82352941176472,7.485476097911644E-15
11.8375668449198,5.521140069002044E-15
11.85160427807488,3.807958015817023E-15
11.865641711229962,2.34592993835658E-15
11.879679144385042,1.1350558366207158E-15
11.893716577540122,1.7533571060942847E-16
11.907754010695204,-5.332304396772802E-16
11.921791443850282,-9.906426142394117E-16
11.935828877005362,-1.1969008130769662E-15
11.949866310160441,-1.1520050361899417E-15
11.963903743315523,-8.559552835783384E-16
11.977941176470603,-3.0875155524215816E-16
11.991978609625683,1.8281082466432376E-17
12.006016042780763,2.6396291632945636E-16
12.020053475935843,4.2829394634691376E-16
12.034090909090924,5.112741725188047E-16
12.048128342246004,5.129035948451292E-16
12.062165775401084,4.33182213325887E-16
12.076203208556164,2.721100279610783E-16
12.090240641711246,2.9687038750703015E-17
12.104278074866325,-2.940867543052388E-16
12.118315508021405,-6.992113512067467E-16
12.132352941176485,-1.1856867519538216E-15
12.146390374331565,5.801789919836017E-16
12.160427807486647,2.005041792198353E-15
12.174465240641727,3.0889016486904328E-15
12.188502673796808,3.8317585614598416E-15
12.202540106951886,4.2336125305065774E-15
12.216577540106968,4.294463555830645E-15
12.230614973262048,4.0143116374320385E-15
12.244652406417128,3.3931567753107606E-15
12.258689839572208,2.4309989694668117E-15
12.27272727272729,1.1278382199001919E-15
12.28676470588237,-5.163254733891006E-16
12.30080213903745,-1.1216510205937715E-15
12.314839572192527,-1.6434051295814518E-15
12.32887700534761,-2.0815878003521416E-15
12.342914438502689,-2.436199032905841E-15
12.35695187165777,-2.7072388272425497E-15
12.37098930481285,-2.8947071833622685E-15
12.38502673796793,-2.9986041012649967E-15
12.39906417112301,-3.018929580950734E-15
12.41310160427809,-2.9556836224194814E-15
12.42713903743317,-2.808866225671239E-15
12.44117647058825,-2.5784773907060046E-15
12.455213903743331,-2.7384590278032384E-16
12.46925133689841,1.4839536338387892E-15
12.48328877005349,2.6949212191513334E-15
12.497326203208571,3.359056853157311E-15
12.51136363636365,3.4763605358567198E-15
12.52540106951873,3.0468322672495614E-15
12.53943850267381,2.0704720473358344E-15
12.553475935828892,5.472798761155392E-16
12.56751336898397,-1.5227442464113238E-15
12.58155080213905,-4.139600320244752E-15
12.595588235294132,-7.303288345384751E-15
12.609625668449212,-3.911072941695491E-15
12.623663101604292,-1.009337009184096E-15
12.637700534759373,1.4019194521494365E-15
12.651737967914453,3.3226964423051076E-15
12.665775401069533,4.7529939612829135E-15
12.679812834224613,5.692812009082857E-15
12.693850267379696,6.142150585704939E-15
12.707887700534776,6.101009691149157E-15
12.721925133689856,5.5693893254155125E-15
12.735962566844936,4.547289488504004E-15
12.750000000000016,3.0347101804146327E-15
12.764037433155094,2.5791413197730263E-15
12.778074866310174,2.2574415168279986E-15
12.792112299465256,2.0696107715795484E-15
12.806149732620336,2.0156490840276785E-15
12.820187165775414,2.095556454172386E-15
12.834224598930495,2.309332882013672E-15
12.848262032085577,2.6569783675515366E-15
12.862299465240655,3.138492910785979E-15
12.876336898395735,3.753876511717001E-15
12.890374331550817,4.503129170344601E-15
12.904411764705896,5.3862508866687786E-15
12.918449197860976,9.746240312236662E-16
12.932486631016056,-2.6870168095273652E-15
12.946524064171138,-5.5986716355843176E-15
12.960561497326218,-7.760340446947189E-15
12.974598930481296,-9.172023243615981E-15
12.98863636363638,-9.833720025590692E-15
13.00267379679146,-9.745430792871323E-15
13.016711229946539,-8.907155545457874E-15
13.030748663101619,-7.318894283350344E-15
13.044786096256699,-4.980647006548737E-15
13.058823529411779,-1.892413715053046E-15
13.072860962566857,1.0864711412007253E-16
13.086898395721938,1.77710001986816E-15
13.100935828877018,3.112945002191217E-15
13.1149732620321,4.116182061089244E-15
13.12901069518718,4.786811196562241E-15
13.14304812834226,5.124832408610208E-15
13.15708556149734,5.130245697233143E-15
13.171122994652421,4.803051062431049E-15
13.1851604278075,4.143248504203924E-15
13.19919786096258,3.1508380225517695E-15
13.213235294117661,1.8258196174745835E-15
13.227272727272739,2.737634149680247E-15
13.24131016042782,3.4297296502122047E-15
13.2553475935829,3.902106119070455E-15
13.26938502673798,4.154763556255E-15
13.283422459893059,4.187701961765837E-15
13.29745989304814,4.000921335602969E-15
13.31149732620322,3.594421677766395E-15
13.3255347593583,2.9682029882561124E-15
13.339572192513378,2.1222652670721247E-15
13.35360962566846,1.0566085142144319E-15
13.367647058823538,-2.2876727031696916E-16
13.381684491978618,1.3239953223313172E-15
13.3957219251337,2.642531555431129E-15
13.40975935828878,3.726841428982466E-15
13.42379679144386,4.57692494298533E-15
13.437834224598939,5.1927820974397176E-15
13.45187165775402,5.5744128923456314E-15
13.465909090909102,5.721817327703072E-15
13.479946524064182,5.6349954035120374E-15
13.493983957219262,5.313947119772529E-15
13.508021390374344,4.758672476484546E-15
13.522058823529424,3.9691714736480875E-15
13.536096256684504,3.519590208584183E-15
13.550133689839583,3.1498384609509046E-15
13.564171122994665,2.8599162307482535E-15
13.578208556149745,2.6498235179762297E-15
13.592245989304823,2.519560322634832E-15
13.606283422459905,2.4691266447240625E-15
13.620320855614985,2.4985224842439188E-15
13.634358288770063,2.607747841194402E-15
13.648395721925143,2.796802715575512E-15
13.662433155080222,3.0656871073872493E-15
13.676470588235302,3.414401016629613E-15
13.690508021390382,3.0922408000097722E-15
13.704545454545462,2.791657836489463E-15
13.718582887700544,2.512652126068686E-15
13.732620320855624,2.2552236687474416E-15
13.746657754010704,2.019372464525728E-15
13.760695187165785,1.8050985134035474E-15
13.774732620320865,1.6124018153808981E-15
13.788770053475945,1.4412823704577797E-15
13.802807486631028,1.2917401786341944E-15
13.816844919786107,1.1637752399101415E-15
13.830882352941188,1.0573875542856198E-15
13.844919786096268,2.2094166277273676E-15
13.858957219251348,2.9169390833281976E-15
13.872994652406428,3.1799549210881084E-15
13.887032085561511,2.9984641410071015E-15
13.90106951871659,2.3724667430851757E-15
13.91510695187167,1.3019627273223326E-15
13.92914438502675,-2.1304790628142998E-16
13.94318181818183,-2.172565157726112E-15
13.957219251336909,-4.576589027011713E-15
13.971256684491989,-7.425119514138227E-15
13.98529411764707,-1.0718156619105663E-14
13.99933155080215,-8.948206287023559E-15
14.013368983957228,-7.331834418918348E-15
14.027406417112312,-5.869041014790041E-15
14.041443850267392,-4.559826074638633E-15
14.055481283422472,-3.4041895984641224E-15
14.069518716577551,-2.402131586266513E-15
14.083556149732631,-1.553652038045801E-15
14.097593582887711,-8.5875095380198665E-16
14.111631016042793,-3.1742833353507324E-16
14.125668449197873,7.031582275493909E-17
14.139705882352953,3.0448151506805453E-16
14.153743315508033,-1.6867905873742676E-15
14.167780748663112,-3.2323772407836907E-15
14.181818181818194,-4.332278445160214E-15
14.195855614973272,-4.98649420050384E-15
14.209893048128352,-5.195024506814565E-15
14.223930481283434,-4.957869364092393E-15
14.237967914438515,-4.275028772337321E-15
14.252005347593595,-3.1465027315493485E-15
14.266042780748675,-1.5722912417284778E-15
14.280080213903757,4.4760569712529E-16
14.294117647058837,2.913188085011959E-15
14.308155080213917,3.676748155089683E-15
14.322192513368995,4.382909687619386E-15
14.336229946524076,5.031672682601063E-15
14.350267379679158,5.623037140034721E-15
14.364304812834234,6.157003059920351E-15
14.378342245989316,6.633570442257961E-15
14.392379679144398,7.052739287047547E-15
14.406417112299476,7.41450959428911E-15
14.420454545454556,7.71888136398265E-15
14.434491978609636,7.965854596128166E-15
14.448529411764715,8.15542929072566E-15
14.462566844919795,5.953395606457593E-15
14.476604278074873,4.0878579599796715E-15
14.490641711229955,2.55881635129189E-15
14.504679144385035,1.3662707803942522E-15
14.518716577540113,5.102212472867551E-16
14.532754010695195,-9.332248030598864E-18
14.546791443850275,-1.923897055578116E-16
14.560828877005354,-3.895112529488273E-17
14.574866310160434,4.509834927581891E-16
14.588903743315514,1.2774141486014033E-15
14.602941176470594,2.4403408422347593E-15
14.616978609625676,1.8177997333121644E-15
14.631016042780754,1.2736754129896192E-15
14.645053475935837,8.079678812671229E-16
14.659090909090917,4.2067713814467585E-16
14.673128342245997,1.1180318362227783E-16
14.687165775401077,-1.1865398230007074E-16
14.701203208556159,-2.706943596223704E-16
14.71524064171124,-3.443179483446212E-16
14.72927807486632,-3.3952474846682243E-16
14.7433155080214,-2.563147599889744E-16
14.757352941176482,-9.46879829110773E-17
14.77139037433156,-1.946019332380919E-15
14.78542780748664,-3.4349382711800267E-15
14.799465240641721,-4.5614447993083995E-15
14.813502673796801,-5.3255389167660375E-15
14.82754010695188,-5.727220623552943E-15
14.841577540106961,-5.7664899196691134E-15
14.85561497326204,-5.443346805114548E-15
14.86965240641712,-4.75779127988925E-15
14.883689839572202,-3.709823343993217E-15
14.897727272727282,-2.299442997426452E-15
14.911764705882362,-5.2665024018895E-16
14.925802139037442,2.0140829712311622E-15
14.939839572192522,4.087721393026193E-15
14.953877005347604,5.6942650251961434E-15
14.967914438502683,6.833713867741014E-15
14.981951871657763,7.506067920660804E-15
14.995989304812843,7.711327183955513E-15
15.010026737967923,7.44949165762514E-15
15.024064171123003,6.720561341669686E-15
15.038101604278083,5.524536236089151E-15
15.052139037433165,3.861416340883539E-15
15.066176470588243,1.7312016560528425E-15
15.080213903743322,1.4893840525700607E-15
15.094251336898402,1.0942599767506428E-15
15.108288770053484,5.458294285945886E-16
15.122326203208564,-1.5590759189810267E-16
15.136363636363644,-1.0109510847274298E-15
15.150401069518727,-2.019301049893394E-15
15.164438502673805,-3.1809574873959946E-15
15.178475935828887,-4.4959203972352325E-15
15.192513368983967,-5.964189779411107E-15
15.206550802139047,-7.585765633923615E-15
15.220588235294128,-9.360647960772763E-15
15.234625668449208,-7.040401905574612E-15
15.248663101604288,-4.8922642859420005E-15
15.26270053475937,-2.9162351018749275E-15
15.27673796791445,-1.1123143533733934E-15
15.29077540106953,5.194979595626027E-16
15.30481283422461,1.9792018369330586E-15
15.31885026737969,3.2667972787379782E-15
15.332887700534771,4.3822842849773596E-15
15.346925133689851,5.3256628556512024E-15
15.36096256684493,6.096932990759504E-15
15.37500000000001,6.696094690302268E-15
15.38903743315509,6.46075881486685E-15
15.40307486631017,6.1818964808593176E-15
15.41711229946525,5.8595076882796695E-15
15.43114973262033,5.493592437127908E-15
15.44518716577541,5.08415072740403E-15
15.459224598930493,4.631182559108039E-15
15.473262032085573,4.1346879322399324E-15
15.487299465240653,3.594666846799709E-15
15.501336898395733,3.011119302787373E-15
15.515374331550813,2.3840453002029232E-15
15.529411764705893,1.7134448390463567E-15
15.543449197860973,2.177786201737917E-15
15.557486631016053,2.5145663980655316E-15
15.571524064171133,2.7237854280291995E-15
15.585561497326212,2.8054432916289215E-15
15.599598930481292,2.7595399888646957E-15
15.613636363636372,2.586075519736525E-15
15.627673796791452,2.285049884244407E-15
15.64171122994653,1.8564630823883415E-15
15.65574866310161,1.3003151141683309E-15
15.66978609625669,6.166059795843744E-16
15.68382352941177,-1.946643213635297E-16
15.69786096256685,7.842215229173077E-16
15.71189839572193,1.615564777306012E-15
15.725935828877013,2.299365441802583E-15
15.73997326203209,2.8356235164070213E-15
15.754010695187173,3.2243390011193266E-15
15.768048128342253,3.4655118959394985E-15
15.782085561497333,3.559142200867538E-15
15.796122994652412,3.5052299159034437E-15
15.810160427807492,3.3037750410472163E-15
15.824197860962572,2.9547775762988562E-15
15.838235294117652,2.458237521658363E-15
15.852272727272732,2.809021278025082E-15
15.866310160427812,3.083068558557344E-15
15.880347593582895,3.2803793632551466E-15
15.894385026737975,3.400953692118493E-15
15.908422459893055,3.4447915451473803E-15
15.922459893048135,3.4118929223418107E-15
15.936497326203213,3.302257823701782E-15
15.950534759358296,3.115886249227295E-15
15.964572192513376,2.8527781989183515E-15
15.978609625668456,2.51293367277495E-15
15.992647058823536,2.0963526707970897E-15
16.006684491978618,7.846795741242482E-16
16.020721925133696,-4.100203128279168E-16
16.034759358288778,-1.4877469900594045E-15
16.048796791443856,-2.448500457570216E-15
16.062834224598937,-3.29228071536035E-15
16.07687165775402,-4.019087763429806E-15
16.090909090909097,-4.628921601778587E-15
16.10494652406418,-5.121782230406691E-15
16.118983957219257,-5.497669649314119E-15
16.13302139037434,-5.756583858500867E-15
16.147058823529417,-5.89852485796694E-15
16.1610962566845,-1.826740837772045E-15
16.175133689839576,1.4894585374118935E-15
16.189171122994658,4.050073267584878E-15
16.20320855614974,5.855103352746907E-15
16.217245989304818,6.90454879289798E-15
16.2312834224599,7.198409588038101E-15
16.24532085561498,6.736685738167265E-15
16.25935828877006,5.5193772432854746E-15
16.27339572192514,3.5464841033927287E-15
16.28743315508022,8.180063184890301E-16
16.3014705882353,-2.666056111425626E-15
16.31550802139038,-8.021263834483915E-16
16.32954545454546,4.912093909364187E-16
16.34358288770054,1.2139512117288063E-15
16.35762032085562,1.3660990789287695E-15
16.3716577540107,9.476529925363105E-16
16.38569518716578,-4.1387047448572285E-17
16.399732620320858,-1.6010210410258788E-15
16.41377005347594,-3.7312489881956095E-15
16.42780748663102,-6.432070888957764E-15
16.4418449197861,-9.703486743312338E-15
16.45588235294118,-1.3545496551259339E-14
16.46991978609626,-8.578218629887116E-15
16.48395721925134,-4.4028524568640315E-15
16.49799465240642,-1.0193980321900839E-15
16.512032085561504,1.5721446441347268E-15
16.52606951871658,3.371775572110401E-15
16.540106951871664,4.379494751736938E-15
16.554144385026742,4.595302183014339E-15
16.568181818181824,4.019197865942604E-15
16.582219251336905,2.6511818005217304E-15
16.596256684491987,4.912539867517205E-16
16.610294117647065,-2.460585575367427E-15
16.624331550802143,-5.105087131034357E-15
16.638368983957225,-7.072882409753226E-15
16.652406417112303,-8.363971411524033E-15
16.666443850267388,-8.978354136346783E-15
16.680481283422466,-8.91603058422147E-15
16.694518716577548,-8.1770007551481E-15
16.708556149732626,-6.761264649126666E-15
16.722593582887708,-4.66882226615717E-15
16.736631016042786,-1.8996736062396153E-15
16.75066844919787,1.5461813306259962E-15
16.76470588235295,5.668742544439672E-15
16.77874331550803,4.107131968748722E-15
16.79278074866311,2.7258292866079735E-15
16.80681818181819,1.5248344980174243E-15
16.82085561497327,5.041476029770759E-16
16.83489304812835,-3.362313985130726E-16
16.84893048128343,-9.963025064530202E-16
16.86296791443851,-1.4760657208427684E-15
16.877005347593588,-1.7755210416823166E-15
16.89104278074867,-1.894668468971664E-15
16.905080213903748,-1.8335080027108105E-15
16.919117647058826,-1.5920396428997572E-15
16.933155080213908,-1.7945552257214442E-15
16.947192513368986,-2.1101972041709462E-15
16.961229946524067,-2.538965578248263E-15
16.975267379679146,-3.080860347953394E-15
16.989304812834227,-3.735881513286341E-15
17.00334224598931,-4.504029074247101E-15
17.01737967914439,-5.385303030835676E-15
17.03141711229947,-6.3797033830520674E-15
17.04545454545455,-7.487230130896274E-15
17.05949197860963,-8.707883274368291E-15
17.07352941176471,-1.0041662813468125E-14
17.087566844919788,-2.04550732751666E-15
17.10160427807487,4.486961314030859E-15
17.11564171122995,9.555743111174431E-15
17.129679144385033,1.3160838063914061E-14
17.14371657754011,1.5302246172249746E-14
17.157754010695193,1.5979967436181482E-14
17.17179144385027,1.5194001855709274E-14
17.185828877005353,1.294434943083312E-14
17.199866310160434,9.231010161553021E-15
17.213903743315512,4.05398404786898E-15
17.227941176470594,-2.586728910219011E-15
17.241978609625672,3.822605205077846E-16
17.256016042780754,2.6471188856068156E-15
17.270053475935832,4.207846185078082E-15
17.284090909090914,5.064442418921583E-15
17.29812834224599,5.2169075871373195E-15
17.312165775401077,4.6652416897252916E-15
17.32620320855615,3.409444726685499E-15
17.340240641711237,1.4495166980179408E-15
17.354278074866315,-1.2145423962773825E-15
17.368315508021396,-4.582732556200468E-15
17.382352941176475,-8.65505378175132E-15
17.396390374331556,-1.091581715148082E-14
17.410427807486634,-1.251087072492366E-14
17.424465240641716,-1.344021450207984E-14
17.438502673796794,-1.3703848482949365E-14
17.452540106951876,-1.3301772667532224E-14
17.466577540106957,-1.2233987055828428E-14
17.480614973262036,-1.0500491647837973E-14
17.494652406417117,-8.101286443560854E-15
17.508689839572195,-5.0363714429970774E-15
17.522727272727277,-1.3057466461466464E-15
17.536764705882355,3.090587946990449E-15
17.550802139037437,-9.646716864780493E-16
17.564839572192515,-4.2578040077693735E-15
17.578877005347596,-6.788809016883524E-15
17.592914438502678,-8.557686713820502E-15
17.606951871657756,-9.564437098580306E-15
17.620989304812838,-9.809060171162936E-15
17.63502673796792,-9.291555931568394E-15
17.649064171122998,-8.011924379796675E-15
17.66310160427808,-5.970165515847787E-15
17.677139037433154,-3.166279339721724E-15
17.69117647058824,3.9973414858151433E-16
17.705213903743317,-5.5204521626257626E-15
17.7192513368984,-1.02257981400945E-14
17.733288770053477,-1.3716303783824691E-14
17.747326203208562,-1.5991969093816352E-14
17.761363636363637,-1.7052794070069468E-14
17.77540106951872,-1.6898778712584043E-14
17.789438502673804,-1.552992302136008E-14
17.803475935828878,-1.2946226996397575E-14
17.817513368983963,-9.147690637696531E-15
17.831550802139038,-4.134313945256952E-15
17.845588235294123,2.0939030809211748E-15
17.8596256684492,1.9296881233597976E-15
17.873663101604283,1.6077601342362455E-15
17.88770053475936,1.1281191135505184E-15
17.901737967914443,4.907650613026165E-16
17.91577540106952,-3.0430202250746E-16
17.929812834224602,-1.2570821378797112E-15
17.943850267379684,-2.367575284814138E-15
17.957887700534762,-3.63578146331074E-15
17.971925133689844,-5.061700673369518E-15
17.985962566844925,-6.645332914990467E-15
18.000000000000004,-8.386678188173594E-15
18.014037433155085,-6.3107123454211664E-15
18.028074866310163,-4.5520418605379394E-15
18.042112299465245,-3.110666733523908E-15
18.056149732620323,-1.9865869643790757E-15
18.0701871657754,-1.1798025531034402E-15
18.084224598930483,-6.903134996970037E-16
18.09826203208556,-5.181198041597641E-16
18.112299465240643,-6.632214664917219E-16
18.12633689839572,-1.1256184866928782E-15
18.140374331550802,-1.905310864763233E-15
18.15441176470588,-3.002298600702785E-15
18.168449197860962,-2.820911984866114E-15
18.18248663101604,-2.60549473582681E-15
18.196524064171122,-2.356046853584871E-15
18.2105614973262,-2.0725683381402994E-15
18.22459893048128,-1.7550591894930935E-15
18.23863636363636,-1.4035194076432545E-15
18.25267379679144,-1.0179489925907816E-15
18.26671122994652,-5.98347944335674E-16
18.2807486631016,-1.4471626287793354E-16
18.29478609625668,3.429460517824396E-16
18.30882352941176,8.646389996454477E-16
18.32286096256684,-5.084486409812127E-16
18.33689839572192,-1.4844887172238677E-15
18.350935828877002,-2.063481229082518E-15
18.364973262032084,-2.2454261765571627E-15
18.379010695187162,-2.0303235596478028E-15
18.393048128342244,-1.4181733783544378E-15
18.407085561497325,-4.0897563267706805E-16
18.421122994652404,9.97269677384308E-16
18.43516042780749,2.8005625518296893E-15
18.449197860962567,5.0009029906590735E-15
18.46323529411765,7.598290993872463E-15
18.477272727272727,5.27137191936582E-15
18.49131016042781,3.337120341188816E-15
18.50534759358289,1.7955362593414513E-15
18.51938502673797,6.466196738237267E-16
18.53342245989305,-1.0962941536435901E-16
18.547459893048135,-4.732110082228044E-16
18.56149732620321,-4.441251047516108E-16
18.575534759358295,-2.237170495077815E-17
18.58957219251337,7.920491911796949E-16
18.603609625668454,1.999137583639807E-15
18.617647058823533,3.598893472429559E-15
18.63168449197861,1.815148518199172E-15
18.645721925133692,9.157920025296623E-17
18.65975935828877,-1.5718144814090588E-15
18.673796791443852,-3.1750325267869027E-15
18.68783422459893,-4.718074935880566E-15
18.701871657754015,-6.2009417086900466E-15
18.71590909090909,-7.62363284521535E-15
18.729946524064175,-8.98614834545647E-15
18.743983957219253,-1.0288488209413411E-14
18.758021390374335,-1.1530652437086167E-14
18.772058823529413,-1.2712641028474745E-14
18.786096256684495,-1.336533530305333E-14
18.80013368983957,-1.367781625318293E-14
18.814171122994654,-1.365008387886354E-14
18.828208556149733,-1.3282138180095166E-14
18.842245989304814,-1.25739791568778E-14
18.856283422459892,-1.1525606809211453E-14
18.870320855614974,-1.0137021137096116E-14
18.884358288770052,-8.408222140531787E-15
18.898395721925134,-6.3392098195184745E-15
18.912433155080212,-3.92998417405618E-15
18.926470588235293,-1.1805452041448912E-15
18.94050802139037,-8.95807593563436E-16
18.95454545454545,-7.622418490004808E-16
18.96858288770053,-7.79847970456026E-16
18.98262032085561,-9.486259579300725E-16
18.996657754010695,-1.2685758114226183E-15
19.01069518716577,-1.7396975309336651E-15
19.024732620320854,-2.361991116463212E-15
19.038770053475933,-3.1354565680112605E-15
19.052807486631014,-4.060093885577809E-15
19.066844919786092,-5.135903069162856E-15
19.080882352941174,-6.362884118766405E-15
19.094919786096256,-4.916846038105122E-15
19.108957219251334,-3.5382932472047325E-15
19.122994652406415,-2.227225746065233E-15
19.137032085561497,-9.836435346866259E-16
19.151069518716575,1.9245338693109038E-16
19.165106951871657,1.3010650187879144E-15
19.179144385026735,2.3421913608838477E-15
19.19318181818182,3.3158324132188914E-15
19.207219251336895,4.221988175793042E-15
19.221256684491976,5.060658648606299E-15
19.235294117647058,5.831843831658667E-15
19.249331550802136,4.436955142071187E-15
19.263368983957218,3.2826531686101616E-15
19.277406417112296,2.3689379112755887E-15
19.291443850267378,1.6958093700674695E-15
19.305481283422456,1.2632675449858024E-15
19.31951871657754,1.0713124360305896E-15
19.33355614973262,1.1199440432018295E-15
19.3475935828877,1.4091623664995218E-15
19.36163101604278,1.9389674059236683E-15
19.37566844919786,2.709359161474268E-15
19.38970588235294,3.720337633151321E-15
19.40374331550802,2.5277037470435187E-15
19.417780748663098,1.562377529839167E-15
19.43181818181818,8.243589815382633E-16
19.44585561497326,3.136481021408096E-16
19.45989304812834,3.024489164680452E-17
19.47393048128342,-2.585064994375101E-17
19.487967914438503,1.4536147736914246E-16
19.50200534759358,5.438812735854848E-16
19.51604278074866,1.1697087387052766E-15
19.53008021390374,2.0228438727285177E-15
19.54411764705882,3.1032866756552075E-15
19.5581550802139,3.122233090539133E-15
19.57219251336898,3.1671515139867203E-15
19.58622994652406,3.2380419459979687E-15
19.600267379679142,3.334904386572881E-15
19.61430481283422,3.4577388357114534E-15
19.6283422459893,3.606545293413688E-15
19.642379679144383,3.781323759679584E-15
19.65641711229946,3.9820742345091436E-15
19.670454545454547,4.2087967179023635E-15
19.684491978609625,4.461491209859246E-15
19.698529411764707,4.74015771037979E-15
19.712566844919785,2.8109443862763583E-15
19.726604278074866,1.2862000446584744E-15
19.740641711229944,1.6592468552613846E-16
19.754679144385026,-5.498816911206495E-16
19.768716577540104,-8.612190852818899E-16
19.782754010695186,-7.680874969575824E-16
19.796791443850267,-2.704869261477267E-16
19.810828877005346,6.315826271476766E-16
19.824866310160424,1.938121162928628E-15
19.838903743315505,3.649128681195126E-15
19.852941176470587,5.7646051819471735E-15
19.866978609625665,5.019427633426263E-15
19.881016042780747,4.532218016790416E-15
19.89505347593583,4.302976332039636E-15
19.909090909090907,4.331702579173923E-15
19.923128342245985,4.618396758193275E-15
19.93716577540107,5.163058869097692E-15
19.951203208556148,5.965688911887176E-15
19.965240641711226,7.026286886561725E-15
19.979278074866308,8.34485279312134E-15
19.99331550802139,9.921386631566021E-15
20.007352941176467,1.1755888401895767E-14
20.02139037433155,6.8890072458407096E-15
20.035427807486627,2.738542004458037E-15
20.04946524064171,-6.955073222522518E-16
20.063502673796787,-3.4131407342901577E-15
20.07754010695187,-5.414358231655679E-15
20.091577540106947,-6.699159814348816E-15
20.10561497326203,-7.267545482369571E-15
20.11965240641711,-7.119515235717941E-15
20.133689839572188,-6.255069074393929E-15
20.14772727272727,-4.67420699839753E-15
20.161764705882348,-2.376929007728747E-15
20.17580213903743,-7.965501438570848E-16
20.189839572192504,3.202684092217671E-16
20.203877005347593,9.735266515078099E-16
20.217914438502667,1.163224583001042E-15
20.231951871657753,8.893622037014653E-16
20.245989304812827,1.5193951360907843E-16
20.260026737967912,-1.0490434872761185E-15
20.27406417112299,-2.7135867989541256E-15
20.288101604278072,-4.841690421424943E-15
20.30213903743315,-7.433354354688568E-15
20.316176470588232,-1.0488578598745004E-14
20.33021390374331,-9.938847195418202E-15
20.34425133689839,-9.47429203426675E-15
20.35828877005347,-9.094913115290644E-15
20.37232620320855,-8.800710438489886E-15
20.386363636363633,-8.591684003864474E-15
20.400401069518708,-8.467833811414413E-15
20.414438502673793,-8.429159861139696E-15
20.42847593582887,-8.475662153040326E-15
20.442513368983953,-8.607340687116303E-15
20.45655080213903,-8.82419546336763E-15
20.470588235294112,-9.126226481794303E-15
20.48462566844919,-7.154852225378037E-15
20.498663101604272,-5.33805667229193E-15
20.512700534759354,-3.675839822535979E-15
20.526737967914432,-2.1682016761101865E-15
20.54077540106951,-8.151422330145506E-16
20.55481283422459,3.8333850675092693E-16
20.568850267379673,1.427240543186248E-15
20.582887700534755,2.316563876291413E-15
20.596925133689833,3.0513085060664198E-15
20.61096256684491,3.631474432511267E-15
20.624999999999993,4.057061655625958E-15
20.639037433155075,2.3934984051782698E-15
20.653074866310153,1.2623928920109976E-15
20.667112299465234,6.63745116124141E-16
20.681149732620316,5.975550775176996E-16
20.695187165775394,1.0638227761916725E-15
20.70922459893048,2.062548212146062E-15
20.723262032085557,3.5937313853808674E-15
20.73729946524064,5.657372295896089E-15
20.751336898395717,8.253470943691725E-15
20.765374331550802,1.1382027328767775E-14
20.77941176470588,1.5043041451124242E-14
20.793449197860962,9.128798110927104E-15
20.807486631016037,4.076264467070002E-15
20.82152406417112,-1.145594804470651E-16
20.8355614973262,-3.4436737316240985E-15
20.849598930481278,-5.911078286461097E-15
20.86363636363636,-7.516773144958061E-15
20.877673796791438,-8.260758307114992E-15
20.891711229946516,-8.143033772931889E-15
20.905748663101598,-7.163599542408749E-15
20.919786096256676,-5.322455615545576E-15
20.933823529411757,-2.619601992342368E-15
20.947860962566835,-3.938246691619741E-15
20.961898395721917,-5.009128851789083E-15
20.975935828876995,-5.832248472850394E-15
20.989973262032073,-6.407605554803675E-15
21.004010695187155,-6.735200097648925E-15
21.018048128342233,-6.815032101386143E-15
21.03208556149732,-6.647101566015331E-15
21.046122994652393,-6.231408491536488E-15
21.060160427807478,-5.567952877949615E-15
21.074197860962556,-4.6567347252547115E-15
21.088235294117638,-3.4977540334517762E-15
21.102272727272716,-5.302100187213003E-15
21.116310160427798,-6.878715703665637E-15
21.130347593582876,-8.22760058280968E-15
21.14438502673796,-9.348754824645131E-15
21.15842245989304,-1.0242178429171988E-14
21.17245989304812,-1.0907871396390257E-14
21.1864973262032,-1.1345833726299932E-14
21.200534759358284,-1.1556065418901016E-14
21.214572192513362,-1.1538566474193509E-14
21.22860962566844,-1.1293336892177408E-14
21.242647058823522,-1.0820376672852715E-14
21.2566844919786,-8.299500938425053E-15
21.27072192513368,-6.118000131217024E-15
21.284759358288763,-4.275874251228623E-15
21.298796791443845,-2.7731232984598546E-15
21.31283422459892,-1.6097472729107148E-15
21.326871657754005,-7.85746174581207E-16
21.340909090909086,-3.0112000347132833E-16
21.354946524064164,-1.5586875958107883E-16
21.368983957219243,-3.4999244291046134E-16
21.383021390374328,-8.83491053459475E-16
21.397058823529406,-1.7563645912281182E-15
21.411096256684488,-1.5344154774700785E-15
21.425133689839566,-1.4078858291877323E-15
21.439171122994647,-1.3767756463810778E-15
21.453208556149725,-1.4410849290501166E-15
21.467245989304804,-1.6008136771948475E-15
21.481283422459885,-1.8559618908152707E-15
21.495320855614967,-2.206529569911387E-15
21.509358288770045,-2.6525167144831957E-15
21.523395721925123,-3.193923324530697E-15
21.537433155080205,-3.8307494000538905E-15
21.551470588235283,-4.562994941052777E-15
21.565508021390364,-8.127068866473918E-16
21.579545454545446,2.3731400192980007E-15
21.593582887700524,4.994545776783399E-15
21.607620320855606,7.05151038580881E-15
21.621657754010684,8.544033846374224E-15
21.635695187165766,9.472116158479648E-15
21.649732620320847,9.83575732212508E-15
21.66377005347593,9.634957337310519E-15
21.67780748663101,8.869716204035967E-15
21.69184491978609,7.540033922301422E-15
21.70588235294117,5.645910492106885E-15
21.71991978609625,3.3247002007192267E-15
21.73395721925133,1.3853925062601948E-15
21.747994652406412,-1.7201259127021196E-16
21.76203208556149,-1.347515091871993E-15
21.776069518716568,-2.1411149955451487E-15
21.79010695187165,-2.5528123022896784E-15
21.804144385026728,-2.5826070121055823E-15
21.818181818181806,-2.2304991249928612E-15
21.832219251336888,-1.4964886409515142E-15
21.846256684491966,-3.805755599815417E-16
21.860294117647047,1.117240117917057E-15
21.874331550802125,-1.9997113543519776E-15
21.888368983957207,-4.563000199805482E-15
21.90240641711229,-6.5726264184434555E-15
21.91644385026737,-8.028590010265901E-15
21.93048128342245,-8.930890975272816E-15
21.94451871657753,-9.279529313464203E-15
21.958556149732612,-9.074505024840057E-15
21.972593582887697,-8.315818109400385E-15
21.98663101604277,-7.003468567145181E-15
22.000668449197853,-5.13745639807445E-15
22.014705882352935,-2.717781602188186E-15
22.028743315508013,-3.138870473201261E-15
22.042780748663095,-3.394907513635675E-15
22.056818181818176,-3.4858927234914272E-15
22.07085561497325,-3.4118261027685184E-15
22.084893048128333,-3.172707651466948E-15
22.09893048128341,-2.7685373695867176E-15
22.112967914438492,-2.1993152571278246E-15
22.12700534759357,-1.4650413140902696E-15
22.141042780748652,-5.657155404740539E-16
22.15508021390373,4.986620637208218E-16
22.16911764705881,1.7280914984943603E-15
22.18315508021389,2.60138042226896E-15
22.197192513368968,3.3467598324411147E-15
22.21122994652405,3.964229729010823E-15
22.22526737967913,4.453790111978086E-15
22.23930481283421,4.815440981342903E-15
22.25334224598929,5.0491823371052766E-15
22.267379679144376,5.155014179265202E-15
22.28141711229945,5.132936507822682E-15
22.295454545454536,4.982949322777718E-15
22.30949197860961,4.705052624130307E-15
22.323529411764696,4.29924641188045E-15
22.337566844919774,-3.2251898880014853E-16
22.351604278074856,-4.1351846496019655E-15
22.365641711229934,-7.138750570525004E-15
22.379679144385015,-9.33321675156926E-15
22.393716577540093,-1.0718583192734735E-14
22.40775401069517,-1.1294849894021432E-14
22.421791443850257,-1.1062016855429348E-14
22.43582887700533,-1.0020084076958484E-14
22.449866310160417,-8.169051558608838E-15
22.463903743315495,-5.508919300380414E-15
22.477941176470576,-2.039687302273205E-15
22.491978609625654,-3.3279648275742295E-15
22.506016042780736,-4.308063501023897E-15
22.520053475935818,-4.979983322622208E-15
22.534090909090903,-5.343724292369163E-15
22.548128342245978,-5.399286410264759E-15
22.562165775401063,-5.146669676309001E-15
22.576203208556144,-4.585874090501884E-15
22.590240641711226,-3.716899652843411E-15
22.604278074866304,-2.539746363333581E-15
22.618315508021386,-1.0544142219723958E-15
22.632352941176467,7.39096771240148E-16
22.646390374331546,-7.507218304587339E-16
22.66042780748663,-1.88776043658359E-15
22.674465240641705,-2.6720190471344195E-15
22.68850267379679,-3.103497662111224E-15
22.702540106951865,-3.182196281514003E-15
22.71657754010695,-2.9081149053427563E-15
22.73061497326203,-2.2812535335974825E-15
22.744652406417114,-1.3016121662781833E-15
22.75868983957219,3.080919661514173E-17
22.772727272727273,1.7160105550824913E-15
22.78676470588235,3.753991909123868E-15
22.800802139037433,-1.5225501777940446E-15
22.81483957219251,-5.850113014743691E-15
22.828877005347596,-9.22869660172507E-15
22.84291443850267,-1.1658300938738185E-14
22.856951871657753,-1.3138926025783031E-14
22.87098930481283,-1.3670571862859614E-14
22.885026737967912,-1.3253238449967929E-14
22.89906417112299,-1.1886925787107976E-14
22.913101604278072,-9.571633874279761E-15
22.927139037433154,-6.307362711483278E-15
22.941176470588232,-2.0941122987185266E-15
22.955213903743317,-1.8544202844179076E-17
22.96925133689839,1.846050611733772E-15
22.983288770053477,3.4996721450153228E-15
22.99732620320856,4.942320397000481E-15
23.011363636363637,6.1739953676892384E-15
23.02540106951872,7.1946970570816E-15
23.039438502673796,8.004425465177566E-15
23.05347593582888,8.603180591977133E-15
23.06751336898396,8.990962437480304E-15
23.081550802139038,9.167771001687076E-15
23.095588235294123,9.133606284597452E-15
23.1096256684492,5.634656395946239E-15
23.12366310160428,2.7908865589639887E-15
23.137700534759365,6.022967736507001E-16
23.15173796791444,-9.31112959993626E-16
23.165775401069517,-1.8093426419689908E-15
23.1798128342246,-2.032392272275393E-15
23.19385026737968,-1.6002618509128337E-15
23.20788770053476,-5.129513778813124E-16
23.22192513368984,1.2295391468191712E-15
23.23596256684492,3.627209723188616E-15
23.25,6.680060351227023E-15
